image: levine2.pgm
resolution: 0.050000
origin: [-30.298337, -21.262549, 0.000000]
negate: 0
occupied_thresh: 0.65
free_thresh: 0.196

